  3000   0.35      0
  6000    0.7      0
  9000   1.05      0
  9000 60006.0     0.0
 12000  1.400  0.000
 15000  1.750  0.000
 18000  2.100  0.000
 18000 45004.3 15001.7
 21000  2.450  0.000
 24000  2.800  0.000
 27000  3.150  0.000
 27000 15000.8 30003.5
 30000  3.500  0.000
 33000  3.850  0.000
 36000  4.200  0.000
 36000 15000.8     0.0
 39000  4.549  0.000
 42000  4.899  0.000
 45000  5.249  0.000
 45000 15000.8     0.0
 48000  5.599  0.000
 51000  5.949  0.000
 54000  6.299  0.000
 54000 15000.8     0.0
 57000  6.649  0.000
 60000  6.999  0.000
 63000  7.349  0.000
 63000 15000.8     0.0
 66000  7.699  0.000
 69000  8.049  0.000
 72000  8.399  0.000
 72000 15000.8     0.0
 75000  8.749  0.000
 78000  9.099  0.000
 81000  9.449  0.000
 81000 15000.8     0.0
 84000  9.799  0.000
 87000 10.149  0.000
 90000 10.499  0.000
 90000 15000.8     0.0
7.0
16.3
23.3
